0 FILE main.ldr
0 Mini Class Xerion
0 Name: Mini CLAAS XERION - 42102
0 Author: Erpak
0 !LICENSE See Github project license at  : https://github.com/Erpak/LegoCAD
1 7 0 0 0 1 0 0 0 0 1 0 -1 0 48989.dat
1 6 -20 0 20 1 0 0 0 0 1 0 -1 0 24316.dat
1 7 -15 0 20 0 0 -1 1 0 0 0 -1 0 32123b.dat
0 STEP
1 8 20 20 -20 0 0 -1 0 1 0 1 0 0 32523.dat
1 8 20 20 20 0 0 -1 0 1 0 1 0 0 32523.dat
0 STEP
1 7 40 0 0 1 0 0 0 0 1 0 -1 0 48989.dat
1 6 60 0 20 -1 0 0 0 0 -1 0 -1 0 24316.dat
1 7 55 0 20 0 0 -1 1 0 0 0 -1 0 32123b.dat
0 STEP
1 0 20 0 20 1 0 0 0 -1 0 0 0 -1 33299a.dat
1 8 20 -20 -20 0 0 -1 0 1 0 1 0 0 32523.dat
0 STEP
1 7 20 -20 60 1 0 0 0 -1 0 0 0 -1 14720.dat
1 7 40 0 100 0 -1 0 -1 0 0 0 0 -1 15100.dat
1 8 20 -50 100 0 -1 0 1 0 0 0 0 1 87083.dat
1 7 20 -40 100 0 -1 0 0 0 -1 1 0 0 4019.dat
0 STEP
1 7 20 -20 20 0 -1 0 -1 0 0 0 0 -1 4519.dat
1 7 20 -40 20 0 -1 0 0 0 -1 1 0 0 4019.dat
0 STEP
1 8 20 -80 140 0 -1 0 0 0 1 -1 0 0 32526.dat
1 0 30 0 100 -1 0 0 0 0 1 0 1 0 3673.dat
0 STEP
1 0 30 -80 140 -1 0 0 0 0 1 0 1 0 3673.dat
0 STEP
1 7 20 -40 60 0 -1 0 0 0 -1 1 0 0 4019.dat
1 18 20 -50 60 0 -1 0 1 0 0 0 0 1 43093.dat
1 7 20 -60 80 0 0 1 1 0 0 0 1 0 48989.dat
0 STEP
1 8 0 -60 80 0 -1 0 1 0 0 0 0 1 32524.dat
1 23 0 -60 20 -1 0 0 0 -1 0 0 0 1 6558.dat
1 0 20 -70 20 0 1 0 0 0 1 1 0 0 43857.dat
1 23 20 -60 140 -1 0 0 0 -1 0 0 0 1 6558.dat
0 STEP
1 8 40 -60 80 0 -1 0 1 0 0 0 0 1 32524.dat
1 0 50 -60 20 -1 0 0 0 0 1 0 1 0 3673.dat
0 STEP
1 4 20 -20 80 1 0 0 0 1 0 0 0 1 3706.dat
0 STEP
1 4 0 -20 80 0 0 1 0 1 0 -1 0 0 3713.dat
1 4 40 -20 80 0 0 -1 0 1 0 1 0 0 3713.dat
0 STEP
1 0 -20 -40 80 1 0 0 0 -1 0 0 0 -1 42003.dat
1 7 -20 -40 100 0 -1 0 0 0 1 -1 0 0 15100.dat
1 7 -35 -20 80 0 0 -1 0 -1 0 -1 0 0 32123b.dat
0 STEP
1 23 -20 -60 70 0 0 -1 0 -1 0 -1 0 0 3749.dat
0 STEP
1 10 -20 -60 60 0 1 0 1 0 0 0 0 -1 11946.dat
0 STEP
1 0 60 -40 80 1 0 0 0 -1 0 0 0 -1 42003.dat
1 7 60 -40 100 0 -1 0 0 0 1 -1 0 0 15100.dat
0 STEP
1 7 75 -20 80 0 0 -1 0 -1 0 -1 0 0 32123b.dat
0 STEP
1 10 60 -60 60 0 -1 0 -1 0 0 0 0 -1 11947.dat
1 23 60 -60 70 0 -1 0 0 0 1 -1 0 0 3749.dat
0 STEP
1 23 20 -80 20 1 0 0 0 1 0 0 0 1 32556.dat
1 10 0 -80 40 0 1 0 1 0 0 0 0 -1 32526.dat
0 STEP
1 0 10 -80 -20 -1 0 0 0 1 0 0 0 -1 4459.dat
1 0 10 -80 0 -1 0 0 0 1 0 0 0 -1 4459.dat
1 23 20 -80 40 1 0 0 0 1 0 0 0 1 32556.dat
0 STEP
1 10 20 -80 -10 0 -1 0 1 0 0 0 0 1 43857.dat
1 0 20 -82.139 50.39 0 -1 0 0.966 0 -0.259 0.259 0 0.966 43857.dat
0 STEP
1 7 20 -80 -40 1 0 0 0 0 -1 0 1 0 4519.dat
1 23 20 -40 -40 1 0 0 0 1 0 0 0 1 32556.dat
0 STEP
1 0 20 -80 -40 0 -1 0 0 0 1 -1 0 0 32140.dat
0 STEP
1 23 20 -20 -60 1 0 0 0 1 0 0 0 1 32556.dat
1 23 20 -20 -40 1 0 0 0 1 0 0 0 1 32556.dat
0 STEP
1 0 40 -20 -50 0 -1 0 1 0 0 0 0 1 43857.dat
1 0 0 -20 -50 0 -1 0 1 0 0 0 0 1 43857.dat
0 STEP
1 10 40 -80 40 0 1 0 1 0 0 0 0 -1 32526.dat
0 STEP
1 0 60 -120 100 0 1 0 0 0 1 1 0 0 32140.dat
1 0 70 -60 100 1 0 0 0 0 1 0 -1 0 3673.dat
1 0 70 -40 100 1 0 0 0 0 1 0 -1 0 3673.dat
1 23 60 -60 120 -1 0 0 0 1 0 0 0 -1 32556.dat
0 STEP
1 10 80 -60 160 0 1 0 1 0 0 0 0 -1 32140.dat
1 23 50 -120 100 1 0 0 0 0 1 0 -1 0 3749.dat
1 0 50 -100 100 1 0 0 0 0 1 0 -1 0 3673.dat
0 STEP
1 15 40 -120 40 0 -1 0 1 0 0 0 0 1 32140.dat
1 23 20 -120 80 -1 0 0 0 -1 0 0 0 1 32556.dat
1 23 20 -120 60 -1 0 0 0 -1 0 0 0 1 32556.dat
0 STEP
1 15 20 -120 60 0 1 0 -1 0 0 0 0 1 32523.dat
0 STEP
1 15 0 -120 40 0 -1 0 1 0 0 0 0 1 32140.dat
0 STEP
1 23 50 -120 40 -1 0 0 0 -1 0 0 0 1 3749.dat
1 23 -10 -120 40 1 0 0 0 1 0 0 0 1 3749.dat
0 STEP
1 0 -10 -100 100 -1 0 0 0 1 0 0 0 -1 4459.dat
1 23 -10 -120 100 -1 0 0 0 -1 0 0 0 1 3749.dat
0 STEP
1 0 -20 -120 100 0 1 0 0 0 1 1 0 0 32140.dat
0 STEP
1 0 -30 -40 100 -1 0 0 0 1 0 0 0 -1 4459.dat
1 0 -30 -60 100 -1 0 0 0 1 0 0 0 -1 4459.dat
1 23 -20 -60 120 1 0 0 0 1 0 0 0 1 32556.dat
0 STEP
1 10 -40 -60 160 0 1 0 1 0 0 0 0 -1 32140.dat
0 STEP
1 7 20.001 -84.727 60.049 -1 0 0 0 -0.866 -0.5 0 -0.5 0.866 4519.dat
1 0 60 -85.359 60 0 0 1 -0.866 0.5 0 -0.5 -0.866 0 32013.dat
1 0 60 -120 40 1 0 0 0 -0.5 -0.866 0 0.866 -0.5 32013.dat
1 23 60 -94.019 55 0 0 -1 -0.866 -0.5 0 -0.5 0.866 0 3749.dat
0 STEP
1 0 -20 -120 40 -1 0 0 0 0.5 -0.866 0 -0.866 -0.5 32013.dat
1 23 -20 -94.019 55 0 0 1 -0.866 0.5 0 -0.5 -0.866 0 3749.dat
1 0 -20 -85.359 60 0 0 -1 -0.866 -0.5 0 -0.5 0.866 0 32013.dat
0 STEP
1 7 35 -20 140 0 -1 0 0 0 1 -1 0 0 6632.dat
1 23 30 -20 140 1 0 0 0 0 1 0 -1 0 3749.dat
1 7 45 -20 140 0 0 1 -1 0 0 0 -1 0 32123a.dat
0 STEP
1 18 20 26.434 192.11 0 0 -1 -0.07 0.998 0 0.998 0.07 0 42012_Class_Xerion_tool.ldr
1 7 15 0 140 1 0 0 0 0.966 -0.259 0 0.259 0.966 44294.dat
1 18 3 0 140 0 0 -1 -0.259 0.966 0 0.966 0.259 0 32198.dat
0 STEP
1 7 55 0 140 0 0 -1 -0.259 0.966 0 0.966 0.259 0 32123a.dat
1 7 -15 0 140 0 0 -1 -0.259 0.966 0 0.966 0.259 0 32123a.dat
0 STEP
1 0 40 -80 160 0 0 -1 1 0 0 0 -1 0 42003.dat
0 STEP
1 8 20 -90 100 0 -1 0 0 0 -1 1 0 0 59443.dat
1 7 20 -120 100 0 -1 0 -1 0 0 0 0 -1 4519.dat
0 STEP
1 4 20 -120 100 0 -1 0 0 0 1 -1 0 0 3713.dat
1 0 20 -140 100 0 -1 0 0 0 -1 1 0 0 32270.dat
0 STEP
1 4 80 0 140 0 0 -1 -0.259 0.966 0 0.966 0.259 0 55982.dat
1 4 80 0 20 0 0 -1 0 1 0 1 0 0 55982.dat
1 4 -40 0 20 0 0 1 0 -1 0 1 0 0 55982.dat
1 4 -40 0 140 0 0 1 -0.259 -0.966 0 0.966 -0.259 0 55982.dat
0 STEP
1 256 -40 0 20 0 0 1 -0.259 -0.966 0 0.966 -0.259 0 92402.dat
1 256 80 0 20 0 0 1 -0.259 -0.966 0 0.966 -0.259 0 92402.dat
1 256 80 0 140 0 0 1 -0.259 -0.966 0 0.966 -0.259 0 92402.dat
1 256 -40 0 140 0 0 1 -0.259 -0.966 0 0.966 -0.259 0 92402.dat
0 FILE 42012_Class_Xerion_tool.ldr
0 Class Xerion submodel for tool
0 Name: Class Xerion submodel for tool
0 Author: Erpak
0 !LICENSE See Github project license at  : https://github.com/Erpak/LegoCAD
1 0 0 -30 0 1 0 0 0 1 0 0 0 1 3705.dat
1 0 30 -30 0 0 0 1 0 1 0 -1 0 0 32270.dat
0 STEP
1 4 10 -30 0 0 0 -1 0 -1 0 -1 0 0 3713.dat
0 STEP
1 8 0 -30 0 0 0 1 0 -1 0 1 0 0 61904.dat
1 18 -23 -30 0 0 0 -1 0 -1 0 -1 0 0 6589.dat
0 STEP
1 10 -24.808 -108.262 0 0.97 0 0.242 -0.242 0 0.97 0 -1 0 32140.dat
1 7 -10 -50 0 0 -1 0 0 0 1 -1 0 0 4519.dat
0 STEP
1 23 -19.969 -88.856 -10 0 -0.97 0.242 0 0.242 0.97 -1 0 0 3749.dat
1 23 -24.808 -108.262 -10 0 0.97 0.242 0 -0.242 0.97 1 0 0 3749.dat
1 4 -19.969 -88.856 -20 0.242 0.97 0 0.97 -0.242 0 0 0 -1 3713.dat
0 STEP
1 4 30 -50 -25 0 0 -1 1 0 0 0 -1 0 11478.dat
1 14 70 -50 0 0 0 -1 0 -1 0 -1 0 0 32073.dat
1 4 70 -50 -40 0 -1 0 0 0 1 -1 0 0 6536.dat
0 STEP
1 4 70 -50 0 0 -1 0 0 0 1 -1 0 0 62462.dat
1 4 30 -50 25 0 0 -1 1 0 0 0 -1 0 11478.dat
0 STEP
1 4 70 -50 40 0 -1 0 0 0 1 -1 0 0 6536.dat
0 STEP
1 0 50 -40 -40 0 -1 0 1 0 0 0 0 1 3673.dat
1 0 50 -40 40 0 -1 0 1 0 0 0 0 1 3673.dat
0 STEP
1 4 50 -30 0 1 0 0 0 1 0 0 0 1 32524.dat
0 STEP
1 18 50 -20 60 0 -1 0 1 0 0 0 0 1 3749.dat
1 18 50 -20 0 0 -0.966 -0.259 1 0 0 0 -0.259 0.966 3749.dat
1 18 50 -20 -60 0 -1 0 1 0 0 0 0 1 3749.dat
1 0 50 -10 0 0.259 0.966 0 0 0 -1 -0.966 0.259 0 32270.dat
0 STEP
1 0 50 -10 60 0 1 0 0 0 -1 -1 0 0 32498.dat
1 0 50 -10 -60 0 1 0 0 0 -1 -1 0 0 32498.dat
